PROBAB  STACK VIRADA NPARTI NRAISE POSICA BIGBLI  NFOLD STACKM    POT POTTOT DEALER  NJOGO  SAIDA 
0.1608 0.1011 0.0000 0.9000 0.1000 0.3000 0.0010 0.1000 0.0919 0.0000 0.0107 0.1000 1.0000 0.0000 
0.4382 0.1034 0.0000 1.0000 0.1000 0.2000 0.0010 0.0000 0.0052 0.0000 0.0340 0.2000 1.0000 0.0000 
0.3807 0.1002 0.0000 1.0000 0.0000 0.1000 0.0010 0.0000 0.0051 0.0000 0.0015 0.3000 1.0000 0.0100 
0.3807 0.1121 0.0000 0.3000 0.2000 0.1000 0.0011 0.7000 0.0057 0.0011 0.1320 0.3000 1.0000 0.0000 
0.3588 0.1072 0.0000 0.4000 0.2000 1.0000 0.0011 0.6000 0.0055 0.0011 0.0935 0.4000 1.0000 0.0000 
0.2611 0.1070 0.0000 0.3000 0.1000 0.9000 0.0011 0.7000 0.0056 0.0005 0.0976 0.5000 1.0000 0.0000 
0.3114 0.1055 0.0000 0.4000 0.1000 0.8000 0.0011 0.6000 0.0055 0.0000 0.0816 0.6000 1.0000 0.0000 
0.2134 0.1009 0.0000 0.6000 0.1000 0.7000 0.0010 0.4000 0.0052 0.0000 0.0344 0.7000 1.0000 0.0000 
0.2673 0.1010 0.0000 0.6000 0.1000 0.6000 0.0010 0.4000 0.0042 0.0000 0.0355 0.8000 1.0000 0.0000 
0.4007 0.0981 0.0000 0.7000 0.1000 0.5000 0.0010 0.3000 0.0381 0.0000 0.0066 0.9000 1.0000 0.0521 
0.4007 0.0990 0.0000 0.3000 0.2000 0.5000 0.0011 0.4000 0.0405 0.0054 0.0710 0.9000 1.0000 0.0000 
0.3341 0.0927 0.0000 0.8000 0.0000 0.4000 0.0010 0.2000 0.0380 0.0000 0.0025 1.0000 1.0000 0.0108 
0.3341 0.0937 0.0000 0.4000 0.2000 0.4000 0.0010 0.4000 0.0388 0.0010 0.0251 1.0000 1.0000 0.0849 
0.3341 0.0879 0.0000 0.3000 0.1000 0.4000 0.0011 0.1000 0.0398 0.0092 0.0501 1.0000 1.0000 0.1275 
0.3341 0.0791 0.0000 0.2000 0.1000 0.4000 0.0011 0.1000 0.0276 0.0211 0.0838 1.0000 1.0000 0.0000 
0.1815 0.0749 0.0000 1.0000 0.2000 0.3000 0.0021 0.0000 0.0388 0.0000 0.0258 0.1000 1.0000 0.0000 
0.3014 0.0732 0.0000 0.9000 0.0000 0.2000 0.0020 0.1000 0.0380 0.0000 0.0030 0.2000 1.0000 0.0274 
0.3014 0.0717 0.0000 0.2000 0.1000 0.2000 0.0020 0.7000 0.0383 0.0020 0.0104 0.2000 1.0000 0.0469 
0.9017 0.0686 0.6000 0.2000 0.0000 0.2000 0.0020 0.0000 0.0384 0.0054 0.0138 0.2000 1.0000 0.1182 
0.2007 0.0816 0.0000 1.0000 0.0000 0.1000 0.0020 0.0000 0.0380 0.0000 0.0030 0.3000 1.0000 0.0000 
0.2746 0.0843 0.0000 0.3000 0.2000 1.0000 0.0021 0.7000 0.0190 0.0021 0.0628 0.4000 1.0000 0.0000 
0.1616 0.0830 0.0000 0.4000 0.1000 0.9000 0.0021 0.6000 0.0190 0.0011 0.0592 0.5000 1.0000 0.0000 
0.4186 0.0813 0.0000 0.4000 0.1000 0.8000 0.0021 0.6000 0.0186 0.0000 0.0386 0.6000 1.0000 0.0000 
0.4382 0.0810 0.0000 0.5000 0.1000 0.7000 0.0021 0.5000 0.0185 0.0000 0.0339 0.7000 1.0000 0.0000 
0.1608 0.0848 0.0000 0.6000 0.1000 0.6000 0.0022 0.4000 0.0194 0.0000 0.0825 0.8000 1.0000 0.0000 
0.2725 0.0824 0.0000 0.7000 0.1000 0.5000 0.0021 0.3000 0.0188 0.0000 0.0523 0.9000 1.0000 0.0000 
0.3588 0.0786 0.0000 0.7000 0.0000 0.4000 0.0020 0.3000 0.0180 0.0000 0.0030 1.0000 1.0000 0.0255 
0.3588 0.0807 0.0000 0.3000 0.1000 0.4000 0.0021 0.4000 0.0189 0.0021 0.0572 1.0000 1.0000 0.0000 
0.2401 0.0804 0.0000 0.9000 0.1000 0.3000 0.0042 0.1000 0.0189 0.0000 0.0535 0.1000 1.0000 0.0000 
0.1529 0.0768 0.0000 0.9000 0.0000 0.2000 0.0040 0.1000 0.0180 0.0000 0.0060 0.2000 1.0000 0.0000 
0.1303 0.0768 0.0000 1.0000 0.0000 0.1000 0.0040 0.0000 0.0140 0.0000 0.0060 0.3000 1.0000 0.0000 
0.1722 0.0764 0.0000 0.3000 0.1000 1.0000 0.0042 0.7000 0.0126 0.0042 0.0569 0.4000 1.0000 0.0000 
0.1303 0.0774 0.0000 0.3000 0.1000 0.9000 0.0044 0.7000 0.0131 0.0022 0.1012 0.5000 1.0000 0.0000 
0.3612 0.0747 0.0000 0.4000 0.1000 0.8000 0.0042 0.6000 0.0126 0.0000 0.0621 0.6000 1.0000 0.0000 
0.4382 0.0745 0.0000 0.5000 0.1000 0.7000 0.0042 0.5000 0.0126 0.0000 0.0589 0.7000 1.0000 0.0000 
0.5595 0.0732 0.0000 0.6000 0.1000 0.6000 0.0042 0.4000 0.0124 0.0000 0.0409 0.8000 1.0000 0.4733 
0.8445 0.0399 0.6000 0.2000 0.0000 0.6000 0.0043 0.0000 0.0128 0.0359 0.0782 0.8000 1.0000 0.0000 
0.8445 0.0403 0.6000 0.2000 0.1000 0.6000 0.0043 0.1000 0.0129 0.0362 0.0874 0.8000 1.0000 0.2119 
0.6926 0.0320 0.8000 0.2000 0.0000 0.6000 0.0044 0.0000 0.0131 0.0451 0.0968 0.8000 1.0000 0.0000 
0.6926 0.0325 0.8000 0.2000 0.1000 0.6000 0.0044 0.1000 0.0132 0.0457 0.1123 0.8000 1.0000 0.4341 
0.6483 0.0186 1.0000 0.2000 0.0000 0.6000 0.0045 0.0000 0.0134 0.0607 0.1282 0.8000 1.0000 0.0000 
0.6483 0.0190 1.0000 0.2000 0.1000 0.6000 0.0046 0.1000 0.0137 0.0619 0.1504 0.8000 1.0000 1.0000 
0.2490 0.1487 0.0000 0.7000 0.0000 0.5000 0.0040 0.3000 0.0080 0.0000 0.0101 0.9000 1.0000 0.0272 
0.2490 0.1551 0.0000 0.3000 0.2000 0.5000 0.0043 0.4000 0.0086 0.0043 0.0829 0.9000 1.0000 0.0000 
0.1310 0.1441 0.0000 0.7000 0.0000 0.4000 0.0040 0.3000 0.0079 0.0000 0.0060 1.0000 1.0000 0.0000 
0.4007 0.1450 0.0000 0.8000 0.0000 0.3000 0.0081 0.2000 0.0080 0.0000 0.0121 0.1000 1.0000 0.0558 
0.4007 0.1404 0.0000 0.2000 0.1000 0.3000 0.0083 0.6000 0.0082 0.0083 0.0381 0.1000 1.0000 0.0640 
0.4007 0.1394 0.0000 0.2000 0.1000 0.3000 0.0088 0.0000 0.0087 0.0183 0.1012 0.1000 1.0000 0.0000 
0.1576 0.1281 0.0000 0.9000 0.0000 0.2000 0.0081 0.1000 0.0080 0.0000 0.0121 0.2000 1.0000 0.0000 
0.1459 0.1281 0.0000 1.0000 0.0000 0.1000 0.0081 0.0000 0.0000 0.0000 0.0120 0.3000 1.0000 0.0000 
0.1866 0.1382 0.0000 0.2000 0.1000 1.0000 0.0093 0.8000 0.0232 0.0093 0.1654 0.4000 1.0000 0.0000 
0.1866 0.1236 0.0000 0.4000 0.1000 0.9000 0.0086 0.6000 0.0215 0.0043 0.0787 0.5000 1.0000 0.0000 
0.3341 0.1221 0.0000 0.4000 0.1000 0.8000 0.0085 0.6000 0.0212 0.0000 0.0652 0.6000 1.0000 0.0000 
0.1529 0.1224 0.0000 0.5000 0.1000 0.7000 0.0085 0.5000 0.0213 0.0000 0.0680 0.7000 1.0000 0.0000 
0.2052 0.1219 0.0000 0.6000 0.1000 0.6000 0.0085 0.4000 0.0145 0.0000 0.0638 0.8000 1.0000 0.0000 
0.3612 0.1179 0.0000 0.8000 0.0000 0.5000 0.0082 0.2000 0.0099 0.0000 0.0288 0.9000 1.0000 0.0698 
0.5430 0.1106 0.6000 0.4000 0.0000 0.5000 0.0083 0.2000 0.0099 0.0083 0.0373 0.9000 1.0000 0.0000 
0.4469 0.1106 0.8000 0.4000 0.0000 0.5000 0.0083 0.2000 0.0099 0.0083 0.0373 0.9000 1.0000 0.0000 
0.3215 0.1106 1.0000 0.4000 0.0000 0.5000 0.0083 0.2000 0.0099 0.0083 0.0373 0.9000 1.0000 0.0000 
0.1815 0.1088 0.0000 0.8000 0.0000 0.4000 0.0082 0.2000 0.0098 0.0000 0.0204 1.0000 1.0000 0.0000 
0.1452 0.1092 0.0000 0.8000 0.0000 0.3000 0.0164 0.2000 0.0098 0.0000 0.0246 0.1000 1.0000 0.0000 
0.2746 0.1092 0.0000 0.9000 0.0000 0.2000 0.0164 0.1000 0.0098 0.0000 0.0246 0.2000 1.0000 0.0000 
0.2247 0.1092 0.0000 1.0000 0.0000 0.1000 0.0164 0.0000 0.0098 0.0000 0.0246 0.3000 1.0000 0.0000 
0.2343 0.0944 0.0000 0.2000 0.0000 1.0000 0.0167 0.8000 0.0100 0.0167 0.0417 0.4000 1.0000 0.0000 
0.5207 0.0944 0.6000 0.2000 0.0000 1.0000 0.0167 0.1000 0.0100 0.0167 0.0417 0.4000 1.0000 0.0000 
0.4456 0.0963 0.8000 0.2000 0.1000 1.0000 0.0170 0.0000 0.0102 0.0170 0.0631 0.4000 1.0000 0.0000 
0.3014 0.0898 0.0000 0.3000 0.1000 0.9000 0.0174 0.7000 0.0026 0.0087 0.0867 0.5000 1.0000 0.0000 
0.1399 0.1015 0.0000 0.4000 0.1000 0.8000 0.0197 0.6000 0.0000 0.0000 0.2290 0.6000 1.0000 0.0000 
0.2530 0.0899 0.0000 0.5000 0.1000 0.6000 0.0174 0.4000 0.0000 0.0000 0.0884 0.8000 1.0000 0.0000 
0.4007 0.0846 0.0000 0.5000 0.0000 0.5000 0.0164 0.4000 0.0000 0.0000 0.0246 0.9000 1.0000 0.1937 
0.4007 0.0720 0.0000 0.2000 0.1000 0.5000 0.0173 0.3000 0.0000 0.0173 0.0818 0.9000 1.0000 0.0000 
0.1910 0.0682 0.0000 0.6000 0.0000 0.4000 0.0164 0.3000 0.0000 0.0000 0.0246 1.0000 1.0000 0.0000 
0.3588 0.0700 0.0000 0.7000 0.0000 0.3000 0.0336 0.2000 0.0000 0.0000 0.0504 0.1000 1.0000 0.0000 
0.3636 0.0700 0.0000 0.8000 0.0000 0.2000 0.0336 0.1000 0.0000 0.0000 0.0504 0.2000 1.0000 0.4805 
0.8168 0.0376 0.6000 0.2000 0.0000 0.2000 0.0348 0.0000 0.0000 0.0348 0.0870 0.2000 1.0000 0.0000 
0.6713 0.0376 0.8000 0.2000 0.0000 0.2000 0.0348 0.0000 0.0000 0.0348 0.0870 0.2000 1.0000 0.0000 
0.6251 0.0376 1.0000 0.2000 0.0000 0.2000 0.0348 0.0000 0.0000 0.0348 0.0870 0.2000 1.0000 0.9249 
0.3528 0.1184 0.0000 0.9000 0.0000 0.1000 0.0331 0.0000 0.0000 0.0000 0.0330 0.3000 1.0000 0.2792 
0.3349 0.0914 0.6000 0.3000 0.0000 0.1000 0.0354 0.1000 0.0000 0.0354 0.1061 0.3000 1.0000 0.0000 
0.3498 0.0914 0.8000 0.3000 0.0000 0.1000 0.0354 0.1000 0.0000 0.0354 0.1061 0.3000 1.0000 0.0000 
0.3658 0.0914 1.0000 0.3000 0.0000 0.1000 0.0354 0.1000 0.0000 0.0354 0.1061 0.3000 1.0000 0.0000 
0.4382 0.1766 0.0000 0.3000 0.0000 0.9000 0.0348 0.5000 0.0000 0.0174 0.0870 0.4000 1.0000 0.0985 
0.8279 0.1621 0.6000 0.3000 0.0000 0.9000 0.0354 0.1000 0.0000 0.0354 0.1062 0.4000 1.0000 0.0000 
0.7100 0.1621 0.8000 0.3000 0.0000 0.9000 0.0354 0.1000 0.0000 0.0354 0.1062 0.4000 1.0000 0.0000 
0.5452 0.1621 1.0000 0.3000 0.0000 0.9000 0.0354 0.1000 0.0000 0.0354 0.1062 0.4000 1.0000 0.0000 
0.2642 0.1592 0.0000 0.4000 0.0000 0.8000 0.0348 0.4000 0.0000 0.0000 0.0870 0.6000 1.0000 0.0000 
0.1490 0.1720 0.0000 0.6000 0.1000 0.5000 0.0376 0.2000 0.0000 0.0000 0.1740 0.8000 1.0000 0.0000 
0.3272 0.1539 0.0000 0.5000 0.0000 0.3000 0.0336 0.2000 0.0000 0.0000 0.0504 1.0000 1.0000 0.2184 
0.8942 0.1245 0.6000 0.2000 0.0000 0.3000 0.0348 0.0000 0.0000 0.0348 0.0870 1.0000 1.0000 0.2795 
0.3528 0.2152 0.0000 0.6000 0.0000 0.2000 0.0708 0.1000 0.0000 0.0000 0.1062 0.1000 1.0000 0.3290 
0.3497 0.1554 0.6000 0.2000 0.0000 0.2000 0.0762 0.0000 0.0000 0.0762 0.1905 0.1000 1.0000 0.0000 
1.0000 0.1554 0.8000 0.2000 0.0000 0.2000 0.0762 0.0000 0.0000 0.0762 0.1905 0.1000 1.0000 0.4904 
0.5595 0.3155 0.0000 0.7000 0.0000 0.1000 0.0695 0.0000 0.0000 0.0000 0.0861 0.2000 1.0000 0.2203 
0.7242 0.3528 0.0000 0.2000 0.0000 0.9000 0.0669 0.4000 0.0000 0.0334 0.0446 0.3000 1.0000 0.0947 
0.1806 0.4208 0.0000 0.3000 0.0000 0.8000 0.0708 0.2000 0.0000 0.0000 0.1062 0.6000 1.0000 0.0000 
0.2550 0.4208 0.0000 0.4000 0.0000 0.2000 0.0708 0.1000 0.0000 0.0000 0.1062 1.0000 1.0000 0.0000 
0.3856 0.4066 0.0000 0.5000 0.0000 0.1000 0.1368 0.0000 0.0000 0.0000 0.0689 0.1000 1.0000 0.3365 
0.3376 0.4110 0.0000 0.2000 0.0000 0.9000 0.1381 0.2000 0.0000 0.0691 0.0790 0.2000 1.0000 0.1680 
0.1608 0.3922 0.0000 0.3000 0.0000 0.8000 0.1584 0.1000 0.0000 0.0000 0.2376 0.6000 1.0000 0.0000 
0.3588 0.3914 0.0000 0.4000 0.0000 0.1000 0.1581 0.0000 0.0000 0.0000 0.2350 1.0000 1.0000 0.4039 
0.4501 0.3058 0.6000 0.3000 0.0000 0.1000 0.2072 0.1000 0.0000 0.2072 0.6189 1.0000 1.0000 0.0000 
0.3382 0.3058 0.8000 0.3000 0.0000 0.1000 0.2072 0.1000 0.0000 0.2072 0.6189 1.0000 1.0000 0.0000 
0.2481 0.3058 1.0000 0.3000 0.0000 0.1000 0.2072 0.1000 0.0000 0.2072 0.6189 1.0000 1.0000 0.0000 
0.2052 0.2365 0.0000 0.2000 0.0000 0.9000 0.3205 0.2000 0.0000 0.1602 0.2519 0.2000 1.0000 0.0000 
0.2285 0.3067 0.0000 0.3000 0.0000 0.8000 0.4156 0.1000 0.0000 0.0000 0.6234 0.6000 1.0000 0.0000 
0.3624 0.3058 0.0000 0.4000 0.0000 0.1000 0.4144 0.0000 0.0000 0.0000 0.6189 1.0000 1.0000 1.0000 
0.3014 0.4699 0.0000 0.2000 0.0000 0.9000 0.7633 0.1000 0.0000 0.3816 0.4908 0.1000 1.0000 0.8122 
0.2323 0.1524 0.0000 0.3000 0.0000 0.8000 1.0000 0.0000 0.0000 0.0000 1.5747 0.6000 1.0000 1.0000 