PROBAB  STACK VIRADA NPARTI BIGBLI NRAISE  NFOLD POSICA    POT STACKM POTTOT DEALER  NJOGO  SAIDA 
0.1823 0.1047 0.0000 0.5000 0.2000 1.0000 0.0011 0.5000 0.0832 0.0011 0.0573 0.1000 1.0000 0.0000 
0.2916 0.1017 0.0000 0.5000 0.3000 0.9000 0.0010 0.5000 0.0670 0.0005 0.0323 0.2000 1.0000 0.0000 
0.1429 0.1006 0.0000 0.6000 0.2000 0.8000 0.0010 0.4000 0.0613 0.0000 0.0216 0.3000 1.0000 0.0000 
0.2520 0.0996 0.0000 0.6000 0.1000 0.7000 0.0010 0.4000 0.0558 0.0000 0.0113 0.4000 1.0000 0.0491 
0.3163 0.0959 0.6000 0.4000 0.1000 0.7000 0.0010 0.0000 0.0537 0.0050 0.0236 0.4000 1.0000 0.0000 
0.1109 0.0950 0.0000 0.7000 0.1000 0.6000 0.0010 0.3000 0.0704 0.0000 0.0138 0.5000 1.0000 0.0000 
0.2652 0.0954 0.0000 0.7000 0.1000 0.5000 0.0010 0.3000 0.0693 0.0000 0.0181 0.6000 1.0000 0.0000 
0.1866 0.0946 0.0000 0.9000 0.2000 0.4000 0.0010 0.1000 0.0631 0.0000 0.0102 0.7000 1.0000 0.0000 
0.2652 0.0941 0.0000 1.0000 0.1000 0.3000 0.0010 0.0000 0.0618 0.0000 0.0049 0.8000 1.0000 0.0249 
0.2652 0.0938 0.0000 0.5000 0.2000 0.3000 0.0010 0.5000 0.0632 0.0024 0.0269 0.8000 1.0000 0.0000 
0.2570 0.0917 0.0000 1.0000 0.1000 0.2000 0.0010 0.0000 0.0608 0.0000 0.0041 0.9000 1.0000 0.0000 
0.3306 0.0915 0.0000 1.0000 0.0000 0.1000 0.0010 0.0000 0.0601 0.0000 0.0015 1.0000 1.0000 0.0109 
0.3306 0.0918 0.0000 0.4000 0.2000 0.1000 0.0010 0.6000 0.0610 0.0010 0.0168 1.0000 1.0000 0.0000 
0.3147 0.0919 0.0000 0.4000 0.3000 1.0000 0.0021 0.6000 0.0624 0.0021 0.0402 0.1000 1.0000 0.0000 
0.3528 0.0887 0.0000 0.4000 0.2000 0.9000 0.0020 0.6000 0.0610 0.0010 0.0158 0.2000 1.0000 0.0000 
0.1303 0.0885 0.0000 0.6000 0.1000 0.8000 0.0020 0.4000 0.0608 0.0000 0.0138 0.3000 1.0000 0.0000 
0.1429 0.0882 0.0000 0.5000 0.1000 0.7000 0.0020 0.5000 0.0606 0.0000 0.0105 0.4000 1.0000 0.0000 
0.2905 0.0885 0.0000 1.0000 0.0000 0.6000 0.0020 0.0000 0.0588 0.0000 0.0132 0.5000 1.0000 0.0229 
0.2905 0.0881 0.0000 0.5000 0.2000 0.6000 0.0021 0.5000 0.0599 0.0021 0.0327 0.5000 1.0000 0.0000 
0.4147 0.0865 0.0000 0.9000 0.1000 0.5000 0.0020 0.1000 0.0518 0.0000 0.0141 0.6000 1.0000 0.0806 
0.9518 0.0806 0.6000 0.3000 0.0000 0.5000 0.0021 0.0000 0.0525 0.0071 0.0274 0.6000 1.0000 0.0510 
0.9518 0.0777 0.6000 0.2000 0.2000 0.5000 0.0021 0.1000 0.0533 0.0114 0.0434 0.6000 1.0000 0.0932 
0.9518 0.0719 0.6000 0.2000 0.1000 0.5000 0.0021 0.0000 0.0545 0.0190 0.0657 0.6000 1.0000 0.1943 
0.8866 0.0588 0.8000 0.2000 0.0000 0.5000 0.0022 0.0000 0.0553 0.0334 0.0808 0.6000 1.0000 0.0000 
0.8866 0.0592 0.8000 0.2000 0.1000 0.5000 0.0022 0.1000 0.0531 0.0337 0.0887 0.6000 1.0000 0.1232 
0.8582 0.0523 1.0000 0.2000 0.0000 0.5000 0.0022 0.0000 0.0523 0.0413 0.0967 0.6000 1.0000 0.4194 
0.1673 0.1381 0.0000 1.0000 0.1000 0.4000 0.0020 0.0000 0.0462 0.0000 0.0166 0.7000 1.0000 0.0000 
0.1756 0.1368 0.0000 1.0000 0.0000 0.3000 0.0020 0.0000 0.0434 0.0000 0.0070 0.8000 1.0000 0.0000 
0.1910 0.1394 0.0000 1.0000 0.1000 0.2000 0.0021 0.0000 0.0422 0.0000 0.0261 0.9000 1.0000 0.0000 
0.1568 0.1363 0.0000 1.0000 0.0000 0.1000 0.0020 0.0000 0.0406 0.0000 0.0030 1.0000 1.0000 0.0000 
0.1892 0.1366 0.0000 0.6000 0.1000 1.0000 0.0041 0.4000 0.0385 0.0041 0.0361 0.1000 1.0000 0.0000 
0.4007 0.1319 0.0000 0.3000 0.1000 0.9000 0.0041 0.7000 0.0377 0.0020 0.0159 0.2000 1.0000 0.0590 
0.4426 0.1251 0.6000 0.2000 0.0000 0.9000 0.0041 0.0000 0.0380 0.0099 0.0239 0.2000 1.0000 0.0000 
0.3304 0.1251 0.8000 0.2000 0.0000 0.9000 0.0041 0.0000 0.0380 0.0099 0.0239 0.2000 1.0000 0.0000 
0.1263 0.1251 1.0000 0.2000 0.0000 0.9000 0.0041 0.0000 0.0380 0.0099 0.0239 0.2000 1.0000 0.0000 
0.1263 0.1257 1.0000 0.2000 0.1000 0.9000 0.0041 0.1000 0.0382 0.0099 0.0285 0.2000 1.0000 0.0000 
0.3528 0.1255 0.0000 0.5000 0.1000 0.8000 0.0041 0.5000 0.0381 0.0000 0.0273 0.3000 1.0000 0.0000 
0.3306 0.1250 0.0000 0.5000 0.1000 0.7000 0.0041 0.5000 0.0380 0.0000 0.0233 0.4000 1.0000 0.0000 
0.3481 0.1229 0.0000 0.5000 0.0000 0.6000 0.0040 0.5000 0.0333 0.0000 0.0060 0.5000 1.0000 0.0327 
0.3481 0.1211 0.0000 0.5000 0.1000 0.6000 0.0041 0.0000 0.0297 0.0041 0.0248 0.5000 1.0000 0.0354 
0.5318 0.1189 0.6000 0.5000 0.0000 0.6000 0.0042 0.0000 0.0302 0.0085 0.0426 0.5000 1.0000 0.0000 
0.4212 0.1189 0.8000 0.5000 0.0000 0.6000 0.0042 0.0000 0.0302 0.0085 0.0426 0.5000 1.0000 0.0000 
0.4589 0.1189 1.0000 0.5000 0.0000 0.6000 0.0042 0.0000 0.0302 0.0085 0.0426 0.5000 1.0000 0.0000 
0.2237 0.1179 0.0000 1.0000 0.1000 0.5000 0.0041 0.0000 0.0377 0.0000 0.0344 0.6000 1.0000 0.0000 
0.1608 0.1156 0.0000 0.9000 0.0000 0.4000 0.0041 0.1000 0.0329 0.0000 0.0142 0.7000 1.0000 0.0000 
0.2294 0.1147 0.0000 0.8000 0.0000 0.3000 0.0040 0.2000 0.0326 0.0000 0.0060 0.8000 1.0000 0.0000 
0.4186 0.1147 0.0000 0.9000 0.0000 0.2000 0.0040 0.1000 0.0286 0.0000 0.0060 0.9000 1.0000 0.0351 
0.4186 0.1130 0.0000 0.4000 0.1000 0.2000 0.0041 0.5000 0.0292 0.0041 0.0268 0.9000 1.0000 0.0375 
0.4186 0.1099 0.0000 0.2000 0.1000 0.2000 0.0042 0.2000 0.0295 0.0084 0.0376 0.9000 1.0000 0.0569 
0.5764 0.1043 0.6000 0.2000 0.0000 0.2000 0.0042 0.0000 0.0297 0.0148 0.0442 0.9000 1.0000 0.0000 
0.5764 0.1057 0.6000 0.2000 0.1000 0.2000 0.0042 0.1000 0.0301 0.0150 0.0589 0.9000 1.0000 0.0000 
0.1429 0.1005 0.0000 1.0000 0.0000 0.1000 0.0040 0.0000 0.0266 0.0000 0.0060 1.0000 1.0000 0.0000 
0.1459 0.1011 0.0000 0.2000 0.0000 0.9000 0.0081 0.8000 0.0268 0.0040 0.0121 0.2000 1.0000 0.0000 
0.3226 0.1019 0.0000 0.4000 0.0000 0.8000 0.0082 0.6000 0.0270 0.0000 0.0204 0.3000 1.0000 0.0801 
0.6892 0.0949 0.6000 0.4000 0.0000 0.8000 0.0083 0.1000 0.0273 0.0083 0.0331 0.3000 1.0000 0.0000 
0.5610 0.0949 0.8000 0.4000 0.0000 0.8000 0.0083 0.1000 0.0273 0.0083 0.0331 0.3000 1.0000 0.0000 
0.4610 0.0949 1.0000 0.4000 0.0000 0.8000 0.0083 0.1000 0.0273 0.0083 0.0331 0.3000 1.0000 0.0000 
0.5184 0.0937 0.0000 0.5000 0.0000 0.7000 0.0082 0.5000 0.0270 0.0000 0.0204 0.4000 1.0000 0.1742 
0.5184 0.0794 0.0000 0.2000 0.1000 0.7000 0.0084 0.3000 0.0277 0.0167 0.0460 0.4000 1.0000 0.0000 
0.7390 0.0805 0.6000 0.2000 0.1000 0.7000 0.0085 0.0000 0.0281 0.0170 0.0614 0.4000 1.0000 0.1827 
0.7390 0.0679 0.6000 0.2000 0.1000 0.7000 0.0088 0.0000 0.0290 0.0327 0.0955 0.4000 1.0000 0.0000 
0.1739 0.0638 0.0000 0.7000 0.0000 0.6000 0.0082 0.3000 0.0190 0.0000 0.0288 0.5000 1.0000 0.0000 
0.2401 0.0628 0.0000 0.6000 0.0000 0.5000 0.0081 0.4000 0.0187 0.0000 0.0121 0.6000 1.0000 0.0000 
0.2916 0.0628 0.0000 0.7000 0.0000 0.4000 0.0081 0.3000 0.0187 0.0000 0.0121 0.7000 1.0000 0.1290 
0.2916 0.0564 0.0000 0.2000 0.1000 0.4000 0.0084 0.5000 0.0193 0.0084 0.0448 0.7000 1.0000 0.0000 
0.1971 0.0547 0.0000 0.8000 0.0000 0.3000 0.0081 0.2000 0.0187 0.0000 0.0121 0.8000 1.0000 0.1481 
0.3943 0.0471 0.6000 0.3000 0.0000 0.3000 0.0082 0.0000 0.0189 0.0082 0.0246 0.8000 1.0000 0.0000 
0.3304 0.0471 0.8000 0.3000 0.0000 0.3000 0.0082 0.0000 0.0189 0.0082 0.0246 0.8000 1.0000 0.0000 
0.3541 0.0471 1.0000 0.3000 0.0000 0.3000 0.0082 0.0000 0.0189 0.0082 0.0246 0.8000 1.0000 0.0000 
0.2550 0.0466 0.0000 0.9000 0.0000 0.2000 0.0081 0.1000 0.0106 0.0000 0.0121 0.9000 1.0000 0.0000 
0.3624 0.0466 0.0000 1.0000 0.0000 0.1000 0.0081 0.0000 0.0065 0.0000 0.0121 1.0000 1.0000 0.1739 
0.4724 0.0394 0.6000 0.4000 0.0000 0.1000 0.0083 0.0000 0.0067 0.0083 0.0373 1.0000 1.0000 0.0000 
0.3770 0.0394 0.8000 0.4000 0.0000 0.1000 0.0083 0.0000 0.0067 0.0083 0.0373 1.0000 1.0000 0.0000 
0.2725 0.0394 1.0000 0.4000 0.0000 0.1000 0.0083 0.0000 0.0067 0.0083 0.0373 1.0000 1.0000 0.0000 
0.2470 0.0396 0.0000 0.3000 0.0000 0.9000 0.0167 0.7000 0.0067 0.0083 0.0417 0.2000 1.0000 0.0000 
0.3399 0.0389 0.0000 0.3000 0.0000 0.8000 0.0164 0.7000 0.0066 0.0000 0.0246 0.3000 1.0000 0.0000 
0.2460 0.0389 0.0000 0.4000 0.0000 0.7000 0.0164 0.6000 0.0066 0.0000 0.0246 0.4000 1.0000 0.0000 
0.2088 0.0389 0.0000 0.5000 0.0000 0.6000 0.0164 0.5000 0.0066 0.0000 0.0246 0.5000 1.0000 0.0000 
0.3399 0.0389 0.0000 0.6000 0.0000 0.5000 0.0164 0.4000 0.0066 0.0000 0.0246 0.6000 1.0000 0.0000 
0.1498 0.0396 0.0000 0.8000 0.0000 0.4000 0.0167 0.2000 0.0067 0.0000 0.0417 0.7000 1.0000 0.0000 
0.2285 0.0389 0.0000 0.8000 0.0000 0.3000 0.0164 0.2000 0.0066 0.0000 0.0246 0.8000 1.0000 0.0000 
0.2830 0.0386 0.0000 0.9000 0.0000 0.2000 0.0162 0.1000 0.0000 0.0000 0.0147 0.9000 1.0000 0.0000 
0.4476 0.0389 0.0000 1.0000 0.0000 0.1000 0.0164 0.0000 0.0066 0.0000 0.0246 1.0000 1.0000 0.4211 
0.5838 0.0233 0.6000 0.3000 0.0000 0.1000 0.0169 0.0000 0.0068 0.0169 0.0593 1.0000 1.0000 0.0000 
0.3654 0.0233 0.8000 0.3000 0.0000 0.1000 0.0169 0.0000 0.0068 0.0169 0.0593 1.0000 1.0000 0.0000 
0.2765 0.0233 1.0000 0.3000 0.0000 0.1000 0.0169 0.0000 0.0068 0.0169 0.0593 1.0000 1.0000 0.0000 
0.2611 0.0903 0.0000 0.2000 0.0000 0.9000 0.0336 0.8000 0.0068 0.0168 0.0504 0.2000 1.0000 0.1860 
0.4055 0.0748 0.6000 0.2000 0.0000 0.9000 0.0342 0.0000 0.0069 0.0342 0.0684 0.2000 1.0000 0.0000 
0.3304 0.0748 0.8000 0.2000 0.0000 0.9000 0.0342 0.0000 0.0069 0.0342 0.0684 0.2000 1.0000 0.0000 
0.3712 0.0748 1.0000 0.2000 0.0000 0.9000 0.0342 0.0000 0.0069 0.0342 0.0684 0.2000 1.0000 0.0000 
0.2520 0.1457 0.0000 0.4000 0.0000 0.8000 0.0348 0.6000 0.0070 0.0000 0.0870 0.3000 1.0000 0.0000 
0.2830 0.1408 0.0000 0.4000 0.0000 0.7000 0.0336 0.6000 0.0068 0.0000 0.0504 0.4000 1.0000 0.2388 
0.6892 0.1109 0.6000 0.2000 0.0000 0.7000 0.0348 0.0000 0.0070 0.0348 0.0870 0.4000 1.0000 0.0000 
0.5766 0.1109 0.8000 0.2000 0.0000 0.7000 0.0348 0.0000 0.0070 0.0348 0.0870 0.4000 1.0000 0.0000 
0.4569 0.1109 1.0000 0.2000 0.0000 0.7000 0.0348 0.0000 0.0070 0.0348 0.0870 0.4000 1.0000 0.0000 
0.1362 0.1071 0.0000 0.5000 0.0000 0.6000 0.0336 0.5000 0.0068 0.0000 0.0504 0.5000 1.0000 0.0000 
0.4775 0.1071 0.0000 0.6000 0.0000 0.5000 0.0336 0.4000 0.0068 0.0000 0.0504 0.6000 1.0000 0.3137 
0.8334 0.0761 0.6000 0.2000 0.0000 0.5000 0.0348 0.0000 0.0070 0.0348 0.0870 0.6000 1.0000 0.0000 
0.8792 0.0761 0.8000 0.2000 0.0000 0.5000 0.0348 0.0000 0.0070 0.0348 0.0870 0.6000 1.0000 0.0000 
0.7130 0.0761 1.0000 0.2000 0.0000 0.5000 0.0348 0.0000 0.0070 0.0348 0.0870 0.6000 1.0000 0.0000 
0.1815 0.1576 0.0000 0.7000 0.0000 0.4000 0.0336 0.3000 0.0068 0.0000 0.0504 0.7000 1.0000 0.0000 
0.3612 0.1576 0.0000 0.8000 0.0000 0.3000 0.0336 0.2000 0.0068 0.0000 0.0504 0.8000 1.0000 0.2133 
0.5541 0.1283 0.6000 0.2000 0.0000 0.3000 0.0348 0.0000 0.0070 0.0348 0.0870 0.8000 1.0000 0.0000 
0.5688 0.1283 0.8000 0.2000 0.0000 0.3000 0.0348 0.0000 0.0070 0.0348 0.0870 0.8000 1.0000 0.0000 
0.4262 0.1283 1.0000 0.2000 0.0000 0.3000 0.0348 0.0000 0.0070 0.0348 0.0870 0.8000 1.0000 0.0000 
0.4262 0.1350 1.0000 0.2000 0.1000 0.3000 0.0366 0.1000 0.0074 0.0366 0.1443 0.8000 1.0000 0.0000 
0.1714 0.1207 0.0000 0.9000 0.0000 0.2000 0.0327 0.1000 0.0000 0.0000 0.0230 0.9000 1.0000 0.0000 
0.3306 0.1239 0.0000 1.0000 0.0000 0.1000 0.0336 0.0000 0.0068 0.0000 0.0504 1.0000 1.0000 0.2712 
0.4724 0.0935 0.6000 0.2000 0.0000 0.1000 0.0348 0.0000 0.0070 0.0348 0.0870 1.0000 1.0000 0.0000 
0.6705 0.0935 0.8000 0.2000 0.0000 0.1000 0.0348 0.0000 0.0070 0.0348 0.0870 1.0000 1.0000 0.0000 
0.9516 0.0935 1.0000 0.2000 0.0000 0.1000 0.0348 0.0000 0.0070 0.0348 0.0870 1.0000 1.0000 0.6900 
0.1608 0.1836 0.0000 0.2000 0.0000 0.9000 0.0708 0.8000 0.0071 0.0354 0.1062 0.2000 1.0000 0.0000 
0.2421 0.1730 0.0000 0.3000 0.0000 0.8000 0.0667 0.7000 0.0000 0.0000 0.0420 0.3000 1.0000 0.3855 
0.1892 0.2242 0.0000 0.4000 0.0000 0.6000 0.0696 0.5000 0.0000 0.0000 0.0868 0.4000 1.0000 0.0000 
0.3588 0.2282 0.0000 0.5000 0.0000 0.5000 0.0708 0.4000 0.0000 0.0000 0.1062 0.6000 1.0000 0.3103 
0.6619 0.1694 0.6000 0.2000 0.0000 0.5000 0.0762 0.0000 0.0000 0.0762 0.1905 0.6000 1.0000 0.0000 
0.5688 0.1694 0.8000 0.2000 0.0000 0.5000 0.0762 0.0000 0.0000 0.0762 0.1905 0.6000 1.0000 0.0000 
0.6427 0.1694 1.0000 0.2000 0.0000 0.5000 0.0762 0.0000 0.0000 0.0762 0.1905 0.6000 1.0000 0.0000 
0.3564 0.3344 0.0000 0.6000 0.0000 0.4000 0.0708 0.3000 0.0000 0.0000 0.1062 0.7000 1.0000 0.2117 
0.8516 0.2837 0.6000 0.2000 0.0000 0.4000 0.0762 0.0000 0.0000 0.0762 0.1905 0.7000 1.0000 0.0000 
0.8149 0.2837 0.8000 0.2000 0.0000 0.4000 0.0762 0.0000 0.0000 0.0762 0.1905 0.7000 1.0000 0.0000 
0.6383 0.2837 1.0000 0.2000 0.0000 0.4000 0.0762 0.0000 0.0000 0.0762 0.1905 0.7000 1.0000 0.2686 
0.5184 0.4402 0.0000 0.7000 0.0000 0.3000 0.0707 0.2000 0.0000 0.0000 0.1053 0.8000 1.0000 0.1607 
0.9167 0.3976 0.6000 0.3000 0.0000 0.3000 0.0761 0.0000 0.0000 0.0761 0.1895 0.8000 1.0000 0.0000 
0.7912 0.3976 0.8000 0.3000 0.0000 0.3000 0.0761 0.0000 0.0000 0.0761 0.1895 0.8000 1.0000 0.0000 
0.6978 0.3976 1.0000 0.3000 0.0000 0.3000 0.0761 0.0000 0.0000 0.0761 0.1895 0.8000 1.0000 0.0000 
0.2025 0.5108 0.0000 0.8000 0.0000 0.1000 0.0662 0.0000 0.0000 0.0000 0.0350 1.0000 1.0000 0.0000 
0.1892 0.4984 0.0000 0.2000 0.0000 0.9000 0.1485 0.5000 0.0000 0.0743 0.1603 0.2000 1.0000 0.0000 
0.1756 0.5159 0.0000 0.3000 0.0000 0.8000 0.1537 0.4000 0.0000 0.0000 0.2010 0.3000 1.0000 0.0000 
0.2052 0.4837 0.0000 0.4000 0.0000 0.4000 0.1441 0.3000 0.0000 0.0000 0.1259 0.4000 1.0000 0.0000 
0.2570 0.4885 0.0000 0.5000 0.0000 0.3000 0.1456 0.2000 0.0000 0.0000 0.1372 0.6000 1.0000 0.0000 
0.1303 0.5316 0.0000 0.6000 0.0000 0.2000 0.1584 0.1000 0.0000 0.0000 0.2376 0.7000 1.0000 0.0000 
0.3982 0.4761 0.0000 0.7000 0.0000 0.1000 0.1419 0.0000 0.0000 0.0000 0.1084 0.8000 1.0000 0.2980 
0.1568 0.6109 0.0000 0.3000 0.0000 0.9000 0.1688 0.3000 0.0000 0.0844 0.3184 1.0000 1.0000 0.0000 
0.2830 0.6037 0.0000 0.4000 0.0000 0.8000 0.3336 0.1000 0.0000 0.0000 0.3029 0.3000 1.0000 0.0000 
0.4382 0.6800 0.0000 0.4000 0.0000 0.1000 0.3757 0.0000 0.0000 0.0000 0.4676 0.6000 1.0000 0.5525 
0.3376 0.8622 0.0000 0.2000 0.0000 0.9000 0.3375 0.1000 0.0000 0.1688 0.3184 0.8000 1.0000 0.1957 
0.3283 0.8225 0.0000 0.3000 0.0000 0.8000 0.8006 0.0000 0.0000 0.0000 0.5637 0.3000 1.0000 0.9734 
